29  2 
1507020319 黄树勤               85.00    91.00    176.00  
1507020320 潘俊彬               99.00    94.00    193.00  
1507020321 毕申华               86.00    60.00    146.00  
1507020322 张起源               97.00    80.00    177.00  
1507020323 韩智丰               92.00    68.00    160.00  
1507020324 冯霄鹏               64.00    35.00    99.00   
1507020325 杨强                 79.00    75.00    154.00  
1507020326 杜文杰               82.00    62.00    144.00  
1507020327 陈子枫               92.00    93.00    185.00  
1507020328 徐冬冬               82.00    97.00    179.00  
1507020329 张富利               98.00    96.00    194.00  
1507020330 王浩竣               100.00   93.00    193.00  
1507020301 高莎莎               97.00    77.00    174.00  
1507020302 袁强                 100.00   93.00    193.00  
1507020303 刘洋                 98.00    79.00    177.00  
1507020304 杨洲                 86.00    52.00    138.00  
1507020305 杨瑾                 99.00    80.00    179.00  
1507020306 高鸽                 84.00    89.00    173.00  
1507020307 裴佳乐               96.00    91.00    187.00  
1507020308 田校泽               32.00    43.00    75.00   
1507020309 熊枭龙               99.00    87.00    186.00  
1507020310 韩常志               73.00    60.00    133.00  
1507020311 陈润强               63.00    74.00    137.00  
1507020312 魏红坤               84.00    88.00    172.00  
1507020313 缪志鸿               67.00    88.00    155.00  
1507020315 简昆明               100.00   69.00    169.00  
1507020316 禹发                 67.00    70.00    137.00  
1507020317 张金海               90.00    79.00    169.00  
1507020318 高东                 87.00    85.00    172.00  
